[00:00:00] ,match_start,0,Королевская трасса,Сопровождение,:aga:,:smileface:
[00:00:01] ,player_joined,0,Graceful,:smileface:
[00:00:01] ,player_joined,0,Jooozy,:aga:
[00:00:01] ,player_joined,0,error2222,:smileface:
[00:00:01] ,player_joined,0,NEDX,:aga:
[00:00:01] ,player_joined,0,ZakMeN,:aga:
[00:00:01] ,player_joined,0,Excruciation,:smileface:
[00:00:01] ,player_joined,0,M1rka,:aga:
[00:00:01] ,player_joined,0,ЕдкийЕж,:aga:
[00:00:01] ,player_joined,0,Kleiner,:smileface:
[00:00:02] ,player_joined,0,Mars,:smileface:
[00:00:06] ,hero_spawn,0,:smileface:,Excruciation,Кэссиди,0,0
[00:00:09] ,hero_spawn,0,:aga:,NEDX,Эхо,0,0
[00:00:11] ,hero_spawn,0,:smileface:,error2222,Фарра,0,0
[00:00:11] ,hero_spawn,0,:aga:,Jooozy,Эш,0,0
[00:00:12] ,hero_swap,0,:aga:,NEDX,Бастион,Эхо,0
[00:00:15] ,hero_spawn,0,:aga:,ЕдкийЕж,Иллари,0,0
[00:00:46] ,hero_spawn,0,:smileface:,Kleiner,Раматтра,0,0
[00:00:46] ,hero_spawn,0,:aga:,ЕдкийЕж,Иллари,,0
[00:00:46] ,hero_spawn,0,:aga:,M1rka,Ана,0,0
[00:00:46] ,hero_spawn,0,:smileface:,Excruciation,Солдат-76,,0
[00:00:46] ,hero_spawn,0,:aga:,ZakMeN,Таран,0,0
[00:00:46] ,round_start,0,1,:smileface:,0,0,0
[00:00:46] ,hero_spawn,0,:aga:,NEDX,Эхо,,0
[00:00:46] ,hero_spawn,0,:smileface:,error2222,Фарра,,0
[00:00:46] ,hero_spawn,0,:aga:,Jooozy,Эш,,0
[00:00:49] ,hero_spawn,0,:smileface:,Mars,Юнона,0,0
[00:00:54] ,hero_swap,0,:smileface:,Mars,Ана,Юнона,0
[00:01:29] ,hero_spawn,0,:smileface:,Graceful,Батист,0,0
[00:01:29] ,hero_swap,0,:smileface:,Kleiner,Ориса,Раматтра,0
[00:01:31] ,setup_complete,0,1,239.99
[00:01:58] ,payload_progress,26.66,1,:smileface:,0,10.01
[00:02:11] ,hero_swap,40.19,:aga:,NEDX,Фрейя,Эхо,40.19
[00:02:15] ,payload_progress,44.00,1,:smileface:,0,20.01
[00:02:31] ,payload_progress,59.79,1,:smileface:,0,30.01
[00:02:50] ,objective_captured,78.92,1,:smileface:,1,0,0,311.07
[00:03:13] ,payload_progress,101.75,1,:smileface:,1,40.01
[00:04:11] ,hero_swap,159.91,:aga:,ZakMeN,Сигма,Таран,159.91
[00:04:13] ,hero_swap,161.33,:smileface:,error2222,Фрейя,Фарра,161.33
[00:04:45] ,payload_progress,193.27,1,:smileface:,1,50.02
[00:05:11] ,hero_swap,219.52,:smileface:,Excruciation,Роковая Вдова,Солдат-76,219.52
[00:05:55] ,hero_swap,263.73,:smileface:,Kleiner,Заря,Ориса,263.73
[00:06:47] ,player_joined,315.70,Jooozy,:aga:
[00:06:47] ,hero_spawn,315.70,:aga:,Jooozy,Эш,0,315.70
[00:06:49] ,hero_swap,317.68,:smileface:,Excruciation,Эш,Роковая Вдова,98.17
[00:08:06] ,player_stat,395.11,1,:aga:,Jooozy,Эш,1,0,0,561.53,35,526.53,0,312.20,0,318.20,0,0,0,0,0,0,0,0,0,0,0,0,0,0.22,0,0,35,6,19,18,4,0.24,79.41
[00:08:06] ,player_stat,395.11,1,:smileface:,Mars,Юнона,0,0,0,0,0,0,0,0,0,0,0,0,0,0,0,0,0,0,0,0,0,0,0,0,0,0,0,0,0,0,0,0,0
[00:08:06] ,player_stat,395.11,1,:smileface:,Mars,Ана,4,0,4,2161.30,155.00,1876.30,5236.72,741.64,272.50,2418.62,0,4,4,2,2,0,0,0,2,0,0,0,0,0.59,0,0,209,109,95,54,32,0.53,395.11
[00:08:06] ,player_stat,395.11,1,:smileface:,Kleiner,Раматтра,0,0,0,0,0,0,0,0,0,0,0,0,0,0,0,0,0,0,0,0,0,0,0,0,0,0,0,0,0,0,0,0,0
[00:08:06] ,player_stat,395.11,1,:smileface:,Kleiner,Ориса,8,3,3,6485.45,1221.20,4940.61,0,6418.67,0,9265.42,0,0,3,1,1,0,0,1,1,0,0,36,0.14,0,0,0,1027,258,682,0,0,0.27,263.73
[00:08:06] ,player_stat,395.11,1,:smileface:,Kleiner,Заря,1,0,2,3636.26,1495.42,2015.84,0,1798.35,0,2909.37,904.74,1,0,0,0,0,0,0,0,0,0,0,0,0,0,0,19,8,4,0,0,0.67,131.38
[00:08:06] ,player_stat,395.11,1,:aga:,ЕдкийЕж,Иллари,17,8,2,5535.86,98.54,5217.32,7221.05,2337.86,1051.43,3318.72,0,0,2,2,2,0,0,0,4,0,0,11,0.13,0,0,0,148,83,58,0,0,0.59,395.11
[00:08:06] ,player_stat,395.11,1,:aga:,M1rka,Ана,12,5,1,2847.96,142.20,2650.76,4478.21,765.25,52.50,1925.64,0,6,8,2,2,0,0,0,1,0,0,0,0,0.47,0,0,229,104,111,88,41,0.48,395.11
[00:08:06] ,player_stat,395.11,1,:smileface:,Excruciation,Кэссиди,0,0,0,0,0,0,0,0,0,0,0,0,0,0,0,0,0,0,0,0,0,0,0,0,0,0,0,0,0,0,0,0,0
[00:08:06] ,player_stat,395.11,1,:smileface:,Excruciation,Солдат-76,6,3,3,4220.89,467.69,3555.27,379.56,822.07,353.63,1753.89,0,2,0,1,1,0,0,0,2,0,0,23,0.14,0,0,0,631,169,431,0,0,0.28,219.52
[00:08:06] ,player_stat,395.11,1,:smileface:,Excruciation,Роковая Вдова,0,0,2,541,0,541,0,31.36,0,615,0,0,0,0,0,0,0,0,0,0,0,1,0.17,0.20,0,0,21,6,15,15,3,0.29,98.17
[00:08:06] ,player_stat,395.11,1,:smileface:,Excruciation,Эш,0,0,1,1758.94,241.08,1517.86,0,185.58,0,621.28,0,0,0,0,0,0,0,0,0,0,0,1,0.09,0.41,0.09,0,44,11,19,27,11,0.37,77.43
[00:08:06] ,player_stat,395.11,1,:aga:,ZakMeN,Таран,0,0,4,486.44,0,486.44,0,502.03,0,4712.17,0,0,0,0,0,0,0,0,0,0,0,2,0.08,0,0,0,71,26,42,0,0,0.38,159.91
[00:08:06] ,player_stat,395.11,1,:aga:,ZakMeN,Сигма,10,4,0,4525.68,275,4070.68,0,4596.40,0,5302.98,5101.55,0,2,1,1,0,0,2,2,0,0,0,0,0,0,0,80,43,34,0,0,0.56,235.20
[00:08:06] ,player_stat,395.11,1,:aga:,NEDX,Эхо,1,0,1,418.40,0,418.40,0,242.00,0,467.00,0,0,0,0,0,0,0,0,0,0,0,4,0.13,0,0,0,123,32,74,0,0,0.30,40.19
[00:08:06] ,player_stat,395.11,1,:aga:,NEDX,Бастион,0,0,0,0,0,0,0,0,0,0,0,0,0,0,0,0,0,0,0,0,0,0,0,0,0,0,0,0,0,0,0,0,0
[00:08:06] ,player_stat,395.11,1,:aga:,NEDX,Фрейя,12,4,2,5670.62,230,5267.79,0,2683.84,0,3560.25,0,0,0,2,2,0,0,1,5,0,0,0,0,0,0,0,315,52,152,0,0,0.25,354.92
[00:08:06] ,player_stat,395.11,1,:smileface:,error2222,Фарра,2,1,3,2158.88,0,2158.88,0,527.33,0,1332.39,0,0,0,1,1,0,0,0,0,0,0,0,0,0,0,0,79,17,61,0,0,0.22,161.33
[00:08:06] ,player_stat,395.11,1,:smileface:,error2222,Фрейя,1,1,4,3053.36,820,2166.99,0,289.58,0,1206.92,0,0,0,1,0,0,0,0,0,0,0,0,0,0,0,0,204,10,106,0,0,0.09,233.78
[00:08:06] ,player_stat,395.11,1,:smileface:,Graceful,Батист,7,3,4,4085.73,701.15,3134.58,5384.84,1375.45,598.50,2901.26,0,8,0,2,2,0,0,1,3,0,0,11,0.08,0,0,0,450,139,271,0,0,0.34,395.11
[00:08:06] ,round_end,395.11,1,:smileface:,0,1,1,0,0,0
[00:08:48] ,round_start,395.11,2,:aga:,0,1,0
[00:08:48] ,hero_spawn,395.11,:smileface:,Mars,Ана,,0
[00:08:48] ,hero_spawn,395.11,:smileface:,Kleiner,Раматтра,,0
[00:08:48] ,hero_spawn,395.11,:aga:,ЕдкийЕж,Иллари,,0
[00:08:48] ,hero_spawn,395.11,:aga:,M1rka,Ана,,0
[00:08:48] ,hero_spawn,395.11,:smileface:,Excruciation,Эш,,0
[00:08:48] ,hero_spawn,395.11,:aga:,ZakMeN,Таран,,0
[00:08:48] ,hero_spawn,395.11,:aga:,NEDX,Эхо,,0
[00:08:48] ,hero_spawn,395.11,:smileface:,error2222,Фарра,,0
[00:08:51] ,hero_spawn,395.11,:aga:,Jooozy,Эш,,0
[00:08:53] ,hero_spawn,395.11,:smileface:,Graceful,Мойра,,0
[00:09:33] ,setup_complete,395.11,2,239.99
[00:09:57] ,payload_progress,418.76,2,:aga:,0,10.01
[00:10:24] ,payload_progress,446.49,2,:aga:,0,20.01
[00:10:29] ,hero_swap,450.87,:smileface:,Graceful,Батист,Мойра,55.75
[00:10:43] ,payload_progress,465.11,2,:aga:,0,30.02
[00:10:51] ,objective_captured,473.27,2,:aga:,1,0,0,311.90
[00:11:12] ,payload_progress,494.80,2,:aga:,1,40.01
[00:11:37] ,hero_swap,519.80,:smileface:,error2222,Кэссиди,Фарра,124.69
[00:11:41] ,payload_progress,523.59,2,:aga:,1,50.01
[00:11:48] ,player_stat,530.10,2,:aga:,Jooozy,Эш,6,2,0,3138.33,162.11,2866.22,0,1030.68,0,1106.45,0,0,0,1,0,0,0,0,0,0,0,3,0.07,0.60,0.06,0,99,45,29,55,33,0.61,214.40
[00:11:48] ,player_stat,530.10,2,:smileface:,Mars,Юнона,0,0,0,0,0,0,0,0,0,0,0,0,0,0,0,0,0,0,0,0,0,0,0,0,0,0,0,0,0,0,0,0,0
[00:11:48] ,player_stat,530.10,2,:smileface:,Mars,Ана,5,0,5,3141.30,155.00,2856.30,6954.75,1208.69,314.46,3444.84,0,5,4,3,3,0,0,0,2,0,0,0,0,0.66,0,0,285,154,122,82,54,0.56,530.10
[00:11:48] ,round_end,530.10,2,:aga:,2,1,1,0,0,255.10
[00:11:48] ,match_end,530.10,2,2,1
[00:11:48] ,player_stat,530.10,2,:smileface:,Kleiner,Раматтра,1,1,3,1688.97,0,1438.97,0,1112.99,0,3571.56,552.11,0,0,0,0,0,0,0,0,0,0,25,0.20,0,0,0,650,128,515,0,0,0.20,134.99
[00:11:48] ,player_stat,530.10,2,:smileface:,Kleiner,Ориса,8,3,3,6485.45,1221.20,4940.61,0,6418.67,0,9265.42,0,0,3,1,1,0,0,1,1,0,0,36,0.14,0,0,0,1027,258,682,0,0,0.27,263.73
[00:11:48] ,player_stat,530.10,2,:smileface:,Kleiner,Заря,1,0,2,3636.26,1495.42,2015.84,0,1798.35,0,2909.37,904.74,1,0,0,0,0,0,0,0,0,0,0,0,0,0,0,19,8,4,0,0,0.67,131.38
[00:11:48] ,player_stat,530.10,2,:aga:,ЕдкийЕж,Иллари,22,11,2,7085.48,193.54,6656.95,8954.33,3209.61,1365.75,4454.51,0,0,3,3,3,0,0,0,6,0,0,15,0.13,0,0,0,190,113,69,0,0,0.62,530.10
[00:11:48] ,player_stat,530.10,2,:aga:,M1rka,Ана,14,5,2,3636.91,367.20,3214.71,5318.24,1079.12,52.50,2713.81,0,7,10,2,2,0,0,0,3,0,0,0,0,0.45,0,0,285,127,141,104,47,0.47,530.10
[00:11:48] ,player_stat,530.10,2,:smileface:,Excruciation,Кэссиди,0,0,0,0,0,0,0,0,0,0,0,0,0,0,0,0,0,0,0,0,0,0,0,0,0,0,0,0,0,0,0,0,0
[00:11:48] ,player_stat,530.10,2,:smileface:,Excruciation,Солдат-76,6,3,3,4220.89,467.69,3555.27,379.56,822.07,353.63,1753.89,0,2,0,1,1,0,0,0,2,0,0,23,0.14,0,0,0,631,169,431,0,0,0.28,219.52
[00:11:48] ,player_stat,530.10,2,:smileface:,Excruciation,Роковая Вдова,0,0,2,541,0,541,0,31.36,0,615,0,0,0,0,0,0,0,0,0,0,0,1,0.17,0.20,0,0,21,6,15,15,3,0.29,98.17
[00:11:48] ,player_stat,530.10,2,:smileface:,Excruciation,Эш,2,1,4,3175.32,311.49,2863.83,0,568.01,0,1758.40,0,0,0,0,0,0,0,0,0,0,0,7,0.24,0.38,0.35,1,91,29,43,52,20,0.40,212.41
[00:11:48] ,player_stat,530.10,2,:aga:,ZakMeN,Таран,10,3,5,2769.63,105,2664.63,0,1673.68,0,7400.39,0,0,0,1,1,1,3,2,0,0,0,13,0.12,0,0,0,394,111,278,0,0,0.29,294.90
[00:11:48] ,player_stat,530.10,2,:aga:,ZakMeN,Сигма,10,4,0,4525.68,275,4070.68,0,4596.40,0,5302.98,5101.55,0,2,1,1,0,0,2,2,0,0,0,0,0,0,0,80,43,34,0,0,0.56,235.20
[00:11:48] ,player_stat,530.10,2,:aga:,NEDX,Эхо,7,3,2,2286.96,0,2286.96,0,919.05,0,1604.75,0,0,0,1,1,0,0,0,0,0,0,8,0.07,0,0,0,454,115,318,0,0,0.27,175.18
[00:11:48] ,player_stat,530.10,2,:aga:,NEDX,Бастион,0,0,0,0,0,0,0,0,0,0,0,0,0,0,0,0,0,0,0,0,0,0,0,0,0,0,0,0,0,0,0,0,0
[00:11:48] ,player_stat,530.10,2,:aga:,NEDX,Фрейя,12,4,2,5670.62,230,5267.79,0,2683.84,0,3560.25,0,0,0,2,2,0,0,1,5,0,0,0,0,0,0,0,315,52,152,0,0,0.25,354.92
[00:11:48] ,player_stat,530.10,2,:smileface:,error2222,Фарра,3,1,5,3180.29,0,3128.33,0,1529.76,0,2857.94,0,0,0,1,1,0,0,0,0,0,0,0,0,0,0,0,151,29,121,0,0,0.19,286.02
[00:11:48] ,player_stat,530.10,2,:smileface:,error2222,Фрейя,1,1,4,3053.36,820,2166.99,0,289.58,0,1206.92,0,0,0,1,0,0,0,0,0,0,0,0,0,0,0,0,204,10,106,0,0,0.09,233.78
[00:11:48] ,player_stat,530.10,2,:smileface:,error2222,Кэссиди,0,0,0,48.82,48.82,0,0,34,0,34,0,0,0,0,0,0,0,0,0,0,0,0,0,0,0,0,2,0,1,0,0,0,10.30
[00:11:48] ,player_stat,530.10,2,:smileface:,Graceful,Батист,8,4,5,5121.86,701.15,4170.71,6527.39,1681.78,631.83,3584.73,0,9,0,2,2,0,0,1,3,0,0,12,0.06,0,0,0,581,186,355,0,0,0.34,474.34
[00:11:48] ,player_stat,530.10,2,:smileface:,Graceful,Мойра,0,0,1,767.64,0,767.64,620.95,176.32,154.12,432.10,0,0,0,0,0,0,0,0,0,0,0,0,0,0,0,0,0,0,0,0,0,0,55.75
